0 14 1
0 15 1
1 16 1
1 17 1
2 18 -1
2 19 -1
3 20 -1
3 21 1
4 22 1
4 23 1
5 24 -1
5 25 -1
6 26 1
6 27 -1
7 28 1
7 29 1
8 30 -1
9 31 1
10 32 -1
10 33 1
11 34 1
12 36 1
12 37 -1
14 38 -1
14 39 -1
15 40 1
16 41 -1
17 42 -1
17 43 -1
18 44 1
18 45 -1
19 46 -1
19 47 -1
20 48 1
20 49 1
21 50 1
21 51 1
22 52 1
23 53 1
23 54 1
25 55 1
25 56 -1
26 57 1
26 58 -1
27 59 1
27 60 1
28 61 1
28 62 -1
29 63 1
29 64 -1
30 65 -1
30 66 -1
31 67 1
31 68 1
32 69 -1
33 70 1
33 71 -1
34 72 1
34 73 1
36 70 1
36 75 -1
37 76 1
38 77 -1
38 78 -1
39 79 -1
40 80 1
40 81 1
41 82 -1
43 83 -1
43 84 1
44 85 1
44 86 -1
44 138 -1
44 139 -1
45 87 1
45 88 1
46 89 -1
46 90 -1
47 91 -1
47 92 -1
48 93 1
48 94 -1
49 95 1
50 96 1
50 97 -1
51 98 1
51 99 -1
52 100 1
52 101 1
53 102 1
53 103 -1
54 104 1
54 105 -1
55 106 1
55 107 1
56 108 1
56 109 1
57 110 -1
57 111 -1
58 90 1
58 112 -1
59 113 1
59 114 -1
60 115 -1
60 116 1
61 117 -1
61 118 1
62 119 1
62 120 1
63 121 -1
63 122 -1
64 123 1
64 124 1
65 125 -1
65 126 1
66 127 1
66 128 1
67 129 1
67 130 1
68 131 1
68 132 -1
69 133 -1
70 45 -1
70 134 1
70 143 -1
70 144 1
71 135 -1
71 136 1
72 137 1
73 34 1
74 141 1
75 142 1
76 145 1
76 146 1
77 147 1
78 148 1
79 149 -1
79 150 -1
